              precision    recall  f1-score   support

           0     1.0000    0.9524    0.9756        21
           1     0.9865    0.9865    0.9865       222
           2     0.9956    0.9956    0.9956       225
           3     0.9858    0.9858    0.9858       141
           4     0.9850    0.9949    0.9899       198
           5     0.9892    0.9839    0.9865       186
           6     1.0000    0.9762    0.9880        42
           7     0.9863    1.0000    0.9931       144
           8     1.0000    1.0000    1.0000       141
           9     0.9932    0.9932    0.9932       147
          10     1.0000    1.0000    1.0000       201
          11     1.0000    0.9924    0.9962       132
          12     1.0000    1.0000    1.0000       210
          13     1.0000    0.9954    0.9977       216
          14     1.0000    1.0000    1.0000        78
          15     1.0000    1.0000    1.0000        63
          16     1.0000    1.0000    1.0000        42
          17     1.0000    1.0000    1.0000       111
          18     1.0000    1.0000    1.0000       120
          19     0.9524    0.9524    0.9524        21
          20     1.0000    1.0000    1.0000        36
          21     0.9429    1.0000    0.9706        33
          22     1.0000    1.0000    1.0000        39
          23     1.0000    0.9804    0.9901        51
          24     1.0000    1.0000    1.0000        27
          25     1.0000    1.0000    1.0000       150
          26     1.0000    1.0000    1.0000        60
          27     1.0000    1.0000    1.0000        24
          28     0.9818    1.0000    0.9908        54
          29     1.0000    1.0000    1.0000        27
          30     1.0000    1.0000    1.0000        45
          31     1.0000    1.0000    1.0000        78
          32     1.0000    0.9167    0.9565        24
          33     1.0000    1.0000    1.0000        69
          34     1.0000    1.0000    1.0000        42
          35     1.0000    0.9917    0.9958       120
          36     1.0000    1.0000    1.0000        39
          37     1.0000    1.0000    1.0000        21
          38     1.0000    0.9952    0.9976       207
          39     1.0000    1.0000    1.0000        30
          40     0.9474    1.0000    0.9730        36
          41     0.9600    1.0000    0.9796        24
          42     1.0000    1.0000    1.0000        24

    accuracy                         0.9946      3921
   macro avg     0.9932    0.9928    0.9929      3921
weighted avg     0.9947    0.9946    0.9946      3921
